[gd_scene load_steps=2 format=2]

[ext_resource path="res://assets/jip.gltf" type="PackedScene" id=1]

[node name="jip" instance=ExtResource( 1 )]

[node name="corpo" parent="Node2" index="0"]
transform = Transform( 0.999962, -0.00872651, -2.12865e-05, 0.00872654, 0.999959, 0.00243919, -9.09495e-13, -0.00243929, 0.999997, 0, 0, 0 )

[node name="rodaR1" parent="Node2" index="1"]
transform = Transform( 1, 0, 0, 0, -0.905146, -0.4251, 0, 0.4251, -0.905146, 1.74836, -0.272515, -4.34375 )

[node name="rodaR2" parent="Node2" index="2"]
transform = Transform( 1, 0, 0, 0, -0.905146, -0.4251, 0, 0.4251, -0.905146, 1.875, -0.23622, 1.96875 )

[node name="rodaL1" parent="Node2" index="3"]
transform = Transform( 1, 0, 0, 0, -0.905146, -0.4251, 0, 0.4251, -0.905146, -1.875, -0.272515, -4.34375 )

[node name="rodaL2" parent="Node2" index="4"]
transform = Transform( 1, 0, 0, 0, -0.859429, -0.511255, 0, 0.511255, -0.859429, -1.875, -0.23622, 1.96875 )
