[gd_scene load_steps=2 format=2]

[ext_resource path="res://assets/jip.gltf" type="PackedScene" id=1]

[node name="jip" instance=ExtResource( 1 )]

[node name="corpo" parent="Node2" index="0"]
transform = Transform( 0.999972, -0.00752253, -5.37874e-05, 0.00752272, 0.99995, 0.00662008, 3.98499e-06, -0.00662029, 0.999978, 0, 0, 0 )

[node name="rodaR1" parent="Node2" index="1"]
transform = Transform( 1, 0, 0, 0, 0.0542274, -0.998529, 0, 0.998529, 0.0542274, 1.74836, -0.257543, -4.34375 )

[node name="rodaR2" parent="Node2" index="2"]
transform = Transform( 1, 0, 0, 0, 0.0542274, -0.998529, 0, 0.998529, 0.0542274, 1.875, -0.270476, 1.96875 )

[node name="rodaL1" parent="Node2" index="3"]
transform = Transform( 1, 0, 0, 0, 0.0542274, -0.998529, 0, 0.998529, 0.0542274, -1.875, -0.257543, -4.34375 )

[node name="rodaL2" parent="Node2" index="4"]
transform = Transform( 1, 0, 0, 0, 0.41452, -0.91004, 0, 0.91004, 0.41452, -1.875, -0.270476, 1.96875 )

[node name="AnimationPlayer" parent="." index="1"]
autoplay = "run"
